3,2
3,1
3,3
10,65
10,91
10,229
10,303
10,121
10,211
10,301
10,87
9,5
9,2
9,3
8,8
8,13
8,15
8,7
8,14
8,2
8,3
73,3
73,2
73,1
73,0
72,4
72,3
72,2
72,1
72,0
71,4
71,3
71,2
71,1
71,0
70,3
70,2
70,1
70,0
20,3
20,2
20,1
19,3
19,2
19,1
12,3
12,2
12,1
11,28
11,27
11,26
11,25
11,23
11,22
11,21
11,20
11,19
11,18
11,17
11,15
11,14
11,13
11,12
11,11
11,10
11,9
11,8
11,7
11,6
11,5
11,4
11,3
11,2
11,1
10,300
10,297
10,292
10,282
10,281
10,280
10,273
10,267
10,266
10,263
10,262
10,261
10,259
10,253
10,245
10,231
10,220
10,219
10,215
10,209
10,202
10,198
10,195
10,190
10,181
10,180
10,179
10,176
10,173
10,172
10,167
10,164
10,160
18,1
10,154
18,3
10,153
10,150
10,143
10,140
10,136
10,135
